4 0.31733333333333336 0.528 0.39866666666666667 0.499 0.5253333333333333 0.588 0.43866666666666665 0.615
4 0.456 0.633 0.5493333333333333 0.595 0.6986666666666667 0.7 0.6066666666666667 0.735
4 0.21066666666666667 0.451 0.29333333333333333 0.427 0.37866666666666665 0.492 0.304 0.518
4 0.12533333333333332 0.392 0.208 0.369 0.27066666666666667 0.419 0.192 0.442
4 0.06 0.338 0.12933333333333333 0.313 0.18666666666666668 0.365 0.124 0.382
4 0.004 0.293 0.05466666666666667 0.274 0.11066666666666666 0.31 0.05333333333333334 0.329
4 0.88 0.375 0.9253333333333333 0.35 1.0386666666666666 0.389 0.988 0.413
4 1.04 0.431 1.088 0.386 1.2173333333333334 0.445 1.1586666666666667 0.478
4 0.884 0.62 1.0333333333333334 0.534 1.128 0.584 0.9706666666666667 0.672
3 1.0146666666666666 0.697 1.1613333333333333 0.578 1.2573333333333334 0.625 1.1026666666666667 0.733
4 0.78 0.569 0.9293333333333333 0.477 1.0013333333333334 0.529 0.852 0.6
3 0.684 0.527 0.82 0.457 0.8853333333333333 0.493 0.764 0.567
4 0.5946666666666667 0.492 0.7293333333333333 0.427 0.784 0.461 0.6613333333333333 0.518
3 0.536 0.446 0.6493333333333333 0.389 0.7093333333333334 0.423 0.5866666666666667 0.472
4 0.464 0.412 0.584 0.366 0.624 0.388 0.5146666666666667 0.442
4 0.42 0.387 0.5346666666666666 0.34 0.5706666666666667 0.359 0.456 0.403
3 0.36 0.358 0.4653333333333333 0.319 0.5013333333333333 0.335 0.4053333333333333 0.376
4 0.33066666666666666 0.33 0.424 0.295 0.43866666666666665 0.307 0.35333333333333333 0.347
4 0.2693333333333333 0.309 0.38 0.263 0.42133333333333334 0.282 0.3 0.329
4 0.82 0.313 0.9066666666666666 0.274 0.9653333333333334 0.301 0.8733333333333333 0.33
4 0.7546666666666667 0.3 0.8453333333333334 0.259 0.8773333333333333 0.271 0.796 0.309
4 0.712 0.279 0.7933333333333333 0.241 0.8146666666666667 0.251 0.7373333333333333 0.292
4 0.648 0.264 0.744 0.226 0.768 0.237 0.6973333333333334 0.271
4 0.6186666666666667 0.248 0.6946666666666667 0.209 0.7133333333333334 0.221 0.6413333333333333 0.256
4 0.5626666666666666 0.231 0.6413333333333333 0.197 0.656 0.206 0.5866666666666667 0.245
4 0.5133333333333333 0.214 0.5906666666666667 0.182 0.6106666666666667 0.195 0.552 0.222
4 0.47333333333333333 0.199 0.5506666666666666 0.175 0.56 0.182 0.5053333333333333 0.208
4 0.444 0.184 0.5053333333333333 0.156 0.5266666666666666 0.166 0.4706666666666667 0.193
4 0.768 0.209 0.8426666666666667 0.175 0.876 0.196 0.804 0.221
4 0.7226666666666667 0.195 0.7826666666666666 0.164 0.8026666666666666 0.171 0.7466666666666667 0.199
4 0.6733333333333333 0.181 0.7413333333333333 0.152 0.7613333333333333 0.16 0.696 0.191
4 0.6413333333333333 0.169 0.7106666666666667 0.143 0.7266666666666667 0.15 0.664 0.178
4 0.6 0.158 0.6573333333333333 0.133 0.68 0.142 0.632 0.165
4 0.5493333333333333 0.148 0.616 0.126 0.632 0.133 0.58 0.155
4 0.5266666666666666 0.142 0.5813333333333334 0.117 0.5973333333333334 0.123 0.544 0.145
4 0.12133333333333333 0.22 0.21466666666666667 0.191 0.25333333333333335 0.217 0.13866666666666666 0.238
3 0.9693333333333334 0.164 1.0213333333333334 0.138 1.0626666666666666 0.151 1.0013333333333334 0.176
4 0.924 0.153 0.9693333333333334 0.131 0.9933333333333333 0.135 0.9506666666666667 0.158
4 0.892 0.143 0.9253333333333333 0.119 0.9466666666666667 0.128 0.912 0.149
4 0.8453333333333334 0.138 0.884 0.113 0.9066666666666666 0.119 0.8733333333333333 0.141
4 0.8 0.128 0.84 0.107 0.8613333333333333 0.115 0.832 0.133
4 1.0666666666666667 0.2 1.0946666666666667 0.178 1.164 0.201 1.1306666666666667 0.218
4 1.1653333333333333 0.233 1.1906666666666668 0.204 1.2546666666666666 0.246 1.208 0.263
4 1.2266666666666666 0.272 1.264 0.25 1.32 0.29 1.2706666666666666 0.308
4 0.756 0.109 0.8066666666666666 0.095 0.8306666666666667 0.107 0.7706666666666667 0.128
