242 527 301 495 400 584 328 615
351 630 413 592 518 689 447 722
157 450 215 424 284 492 225 519
99 392 154 365 205 420 146 441
50 339 99 311 145 363 91 383
5 289 40 270 80 309 35 335
757 688 871 567 952 648 837 738
664 624 791 531 856 568 723 680
584 578 699 467 769 521 648 610
515 529 620 452 661 487 558 565
444 491 550 419 599 450 491 519
399 446 488 386 537 417 442 472
345 417 442 361 473 384 384 441
312 387 400 330 432 355 340 402
265 359 350 312 376 331 298 379
237 329 325 290 343 303 260 347
203 308 291 263 318 285 226 327
181 278 262 248 271 262 190 296
665 369 702 345 777 389 741 412
780 430 824 382 915 447 885 473
618 307 682 271 721 294 647 331
582 287 641 249 665 265 614 300
544 272 594 233 616 244 570 284
498 257 561 225 574 232 525 266
475 230 527 205 541 219 489 249
425 226 475 196 488 207 444 238
385 217 444 180 459 190 405 226
803 200 834 181 881 195 846 223
873 227 903 207 941 246 902 256
920 268 956 249 989 286 958 299
744 143 787 133 793 160 755 173
708 139 737 123 745 129 714 154
672 130 704 115 713 121 683 146
641 123 668 108 680 117 653 136
577 198 629 169 654 193 604 215
537 183 590 158 600 170 558 198
507 175 554 148 568 157 523 184
98 207 170 189 179 210 107 233
63 204 121 179 126 183 77 213
50 191 112 165 119 172 62 198
30 177 100 153 104 161 41 189
