3 238 528 299 499 394 588 329 615
3 342 633 412 595 524 700 455 735
4 158 451 220 427 284 492 228 518
3 94 392 156 369 203 419 144 442
3 45 338 97 313 140 365 93 382
3 3 293 41 274 83 310 40 329
4 660 375 694 350 779 389 741 413
4 780 431 816 386 913 445 869 478
4 663 620 775 534 846 584 728 672
3 761 697 871 578 943 625 827 733
3 585 569 697 477 751 529 639 600
3 513 527 615 457 664 493 573 567
3 446 492 547 427 588 461 496 518
3 402 446 487 389 532 423 440 472
3 348 412 438 366 468 388 386 442
3 315 387 401 340 428 359 342 403
3 270 358 349 319 376 335 304 376
4 248 330 318 295 329 307 265 347
3 202 309 285 263 316 282 225 329
4 615 313 680 274 724 301 655 330
3 566 300 634 259 658 271 597 309
3 534 279 595 241 611 251 553 292
3 486 264 558 226 576 237 523 271
4 464 248 521 209 535 221 481 256
4 422 231 481 197 492 206 440 245
3 385 214 443 182 458 195 414 222
3 355 199 413 175 420 182 379 208
3 333 184 379 156 395 166 353 193
3 576 209 632 175 657 196 603 221
4 542 195 587 164 602 171 560 199
3 505 181 556 152 571 160 522 191
3 481 169 533 143 545 150 498 178
4 450 158 493 133 510 142 474 165
4 412 148 462 126 474 133 435 155
4 395 142 436 117 448 123 408 145
3 91 220 161 191 190 217 104 238
3 727 164 766 138 797 151 751 176
3 693 153 727 131 745 135 713 158
3 669 143 694 119 710 128 684 149
3 634 138 663 113 680 119 655 141
4 600 128 630 107 646 115 624 133
4 800 200 821 178 873 201 848 218
4 874 233 893 204 941 246 906 263
4 920 272 948 250 990 290 953 308
4 567 109 605 95 623 107 578 128
