0 4 238 528 299 499 394 588 329 615
1 4 342 633 412 595 524 700 455 735
2 4 158 451 220 427 284 492 228 518
3 4 94 392 156 369 203 419 144 442
4 4 45 338 97 313 140 365 93 382
5 4 3 293 41 274 83 310 40 329
6 4 660 375 694 350 779 389 741 413
7 4 780 431 816 386 913 445 869 478
8 4 663 620 775 534 846 584 728 672
9 3 761 697 871 578 943 625 827 733
10 4 585 569 697 477 751 529 639 600
11 3 513 527 615 457 664 493 573 567
12 4 446 492 547 427 588 461 496 518
13 3 402 446 487 389 532 423 440 472
14 4 348 412 438 366 468 388 386 442
15 4 315 387 401 340 428 359 342 403
16 3 270 358 349 319 376 335 304 376
17 4 248 330 318 295 329 307 265 347
18 4 202 309 285 263 316 282 225 329
19 4 615 313 680 274 724 301 655 330
20 4 566 300 634 259 658 271 597 309
21 4 534 279 595 241 611 251 553 292
22 4 486 264 558 226 576 237 523 271
23 4 464 248 521 209 535 221 481 256
24 4 422 231 481 197 492 206 440 245
25 4 385 214 443 182 458 195 414 222
26 4 355 199 413 175 420 182 379 208
27 4 333 184 379 156 395 166 353 193
28 4 576 209 632 175 657 196 603 221
29 4 542 195 587 164 602 171 560 199
30 4 505 181 556 152 571 160 522 191
31 4 481 169 533 143 545 150 498 178
32 4 450 158 493 133 510 142 474 165
33 4 412 148 462 126 474 133 435 155
34 4 395 142 436 117 448 123 408 145
35 4 91 220 161 191 190 217 104 238
36 3 727 164 766 138 797 151 751 176
37 4 693 153 727 131 745 135 713 158
38 4 669 143 694 119 710 128 684 149
39 4 634 138 663 113 680 119 655 141
40 4 600 128 630 107 646 115 624 133
41 4 800 200 821 178 873 201 848 218
42 4 874 233 893 204 941 246 906 263
43 4 920 272 948 250 990 290 953 308
44 4 567 109 605 95 623 107 578 128
